abraaga,0,56544
abrii,56544,41696
abad,98240,36576
aabir,134816,46592
abouhandal,181408,76096
abaa,257504,41184
abousimbil,298688,74688
Abaayir,373376,49536
aboo,422912,47136
abint,470048,65088
abri,535136,41696
aball,576832,44800
abaag,621632,44992
aab,666624,47360
abalaaj,713984,81984
abaar,795968,47328
abaree,843296,51744
abakk,895040,63200
abousaari,958240,66624
abree,1024864,61280
abriim,1086144,56960
aba,1143104,49248
abaadogee,1192352,57408
abbir,1249760,44032
aaboo,1293792,52352
11,0,12384
1416,12384,7232
1023,19616,4160
50,23776,9600
735,33376,13888
536,47264,7488
1801,54752,12832
94,67584,12448
21,80032,7808
990,87840,5376
782,93216,4480
1852,97696,10560
243,108256,7520
849,115776,6816
1945,122592,15680
475,138272,5376
1205,143648,7104
781,150752,3872
1481,154624,2144
1087,156768,5280
741,162048,7392
1462,169440,5888
1414,175328,6176
1908,181504,6144
234,187648,8864
523,196512,7008
1081,203520,17888
1154,221408,7776
84,229184,22496
1583,251680,5504
150,257184,8992
1220,266176,8160
1047,274336,6720
1189,281056,5504
1113,286560,5568
248,292128,21984
386,314112,15584
819,329696,8000
273,337696,9632
1607,347328,6368
49,353696,13056
44,366752,10528
340,377280,8320
1508,385600,2944
1200,388544,5600
324,394144,7232
1140,401376,7488
2002,408864,14272
1079,423136,8000
1076,431136,7232
1613,438368,17824
1289,456192,6752
998,462944,5600
229,468544,7808
59,476352,10560
1649,486912,5856
279,492768,7136
1650,499904,5952
1300,505856,7264
1779,513120,6112
837,519232,6816
918,526048,5696
1968,531744,9024
1716,540768,9408
1277,550176,8704
233,558880,8864
1807,567744,12416
1027,580160,6496
805,586656,15648
338,602304,8320
1849,610624,5088
564,615712,14432
1710,630144,6176
1799,636320,7360
1376,643680,8608
488,652288,8768
771,661056,5664
1226,666720,9024
1935,675744,8992
737,684736,6528
880,691264,5824
516,697088,5504
314,702592,9632
1323,712224,7552
1813,719776,8544
1170,728320,4576
1252,732896,8704
780,741600,6016
994,747616,4864
687,752480,7456
1069,759936,5888
1180,765824,6880
729,772704,7552
668,780256,10080
1879,790336,11488
1604,801824,5536
584,807360,6848
1266,814208,8192
354,822400,8384
1235,830784,9888
302,840672,12992
73,853664,13408
1530,867072,5504
37,872576,6080
1694,878656,6304
649,884960,8384
449,893344,8128
528,901472,6976
1991,908448,15296
1618,923744,6976
1728,930720,10176
1367,940896,5568
1041,946464,5824
1066,952288,7904
180,960192,19680
1835,979872,6752
1637,986624,10752
303,997376,9696
1844,1007072,7520
58,1014592,11008
363,1025600,17888
1366,1043488,5632
1832,1049120,5792
1603,1054912,4800
246,1059712,9760
1988,1069472,14848
10,1084320,16288
1830,1100608,12480
1361,1113088,7840
1186,1120928,6368
851,1127296,5760
1882,1133056,8000
1672,1141056,16544
665,1157600,14624
688,1172224,13856
553,1186080,11072
1808,1197152,28960
267,1226112,22912
1812,1249024,12640
484,1261664,7168
390,1268832,8864
415,1277696,10400
1910,1288096,8064
854,1296160,5856
1839,1302016,7104
165,1309120,7840
1718,1316960,11168
1727,1328128,4640
1503,1332768,10144
958,1342912,6304
1219,1349216,7648
400,1356864,10016
483,1366880,6752
1476,1373632,5376
1292,1379008,9504
1829,1388512,9856
1360,1398368,7744
1264,1406112,7392
557,1413504,16480
172,1429984,7200
787,1437184,15520
606,1452704,7104
1403,1459808,6144
802,1465952,7744
1884,1473696,8480
1057,1482176,5600
1050,1487776,10368
954,1498144,5696
236,1503840,9536
876,1513376,8672
1887,1522048,7488
83,1529536,84064
1009,1613600,5696
1521,1619296,17376
261,1636672,8544
14,1645216,8544
1652,1653760,7680
810,1661440,5632
113,1667072,12448
1690,1679520,8480
1346,1688000,8608
897,1696608,3744
16,1700352,19744
404,1720096,10368
548,1730464,7488
1038,1737952,5184
54,1743136,13920
351,1757056,8224
498,1765280,10080
183,1775360,9600
566,1784960,14400
343,1799360,8224
45,1807584,15808
641,1823392,6880
539,1830272,6208
1757,1836480,5280
804,1841760,7104
1900,1848864,7744
308,1856608,11584
1750,1868192,8640
1622,1876832,7328
1204,1884160,8928
521,1893088,6240
137,1899328,10720
1527,1910048,7360
917,1917408,6144
1950,1923552,8064
1814,1931616,5984
1445,1937600,4864
201,1942464,13280
277,1955744,6208
931,1961952,9248
774,1971200,8800
1233,1980000,4256
750,1984256,8672
491,1992928,9792
817,2002720,6656
1446,2009376,4000
278,2013376,8736
1903,2022112,7328
469,2029440,8000
1319,2037440,6688
1756,2044128,9792
344,2053920,10144
902,2064064,5696
146,2069760,14784
1927,2084544,10048
679,2094592,8768
160,2103360,10080
241,2113440,8128
1565,2121568,2976
6,2124544,84608
1777,2209152,6048
1485,2215200,10400
784,2225600,5504
133,2231104,8544
1164,2239648,5184
1431,2244832,5888
948,2250720,8224
1894,2258944,7712
576,2266656,5312
789,2271968,5632
105,2277600,9792
311,2287392,7264
1427,2294656,6528
425,2301184,11808
1181,2312992,7200
868,2320192,15552
1834,2335744,5344
1907,2341088,8800
372,2349888,9312
448,2359200,8128
465,2367328,6368
1228,2373696,5856
545,2379552,17376
41,2396928,6080
1262,2403008,5824
68,2408832,14080
126,2422912,11648
1011,2434560,4320
1295,2438880,6496
627,2445376,9344
906,2454720,4000
1518,2458720,9376
12,2468096,12160
872,2480256,8864
683,2489120,7648
253,2496768,11360
1182,2508128,6400
1941,2514528,10240
20,2524768,19328
1918,2544096,17568
1517,2561664,6496
1093,2568160,7616
18,2575776,8704
985,2584480,18112
1542,2602592,5888
960,2608480,6848
1379,2615328,11680
1163,2627008,5888
57,2632896,12928
1401,2645824,5984
1810,2651808,9088
1693,2660896,10656
1408,2671552,8384
1736,2679936,7072
1640,2687008,7072
1685,2694080,5600
43,2699680,11776
1026,2711456,9408
48,2720864,13632
1112,2734496,5440
853,2739936,6016
34,2745952,7936
2,2753888,5024
909,2758912,4160
1802,2763072,12384
476,2775456,6304
1035,2781760,6304
91,2788064,17728
260,2805792,8736
1715,2814528,6560
1184,2821088,5920
193,2827008,11008
1899,2838016,13408
1934,2851424,7104
1781,2858528,9312
1939,2867840,10688
836,2878528,8416
445,2886944,11360
480,2898304,5888
1153,2904192,7872
1748,2912064,7264
845,2919328,6208
1724,2925536,6368
659,2931904,5152
1626,2937056,16160
574,2953216,6720
224,2959936,10176
1195,2970112,10656
1573,2980768,7232
1861,2988000,6912
1059,2994912,8448
554,3003360,10112
961,3013472,7200
1016,3020672,9024
809,3029696,7584
742,3037280,8192
250,3045472,12672
1442,3058144,17472
329,3075616,6368
7,3081984,5824
664,3087808,5760
1042,3093568,5216
1544,3098784,6432
1328,3105216,6464
444,3111680,9984
1913,3121664,7200
1222,3128864,10304
1392,3139168,6848
1576,3146016,5312
320,3151328,8032
45,3159360,9792
149,3169152,10720
1543,3179872,7360
1691,3187232,11776
245,3199008,10816
886,3209824,8768
1747,3218592,6400
467,3224992,6944
1981,3231936,15552
209,3247488,13888
1675,3261376,6720
497,3268096,8384
1568,3276480,6336
1108,3282816,6176
1318,3288992,8672
1380,3297664,5760
613,3303424,6784
487,3310208,7296
1236,3317504,8096
559,3325600,8704
1312,3334304,9408
1305,3343712,7776
662,3351488,6848
1369,3358336,7136
570,3365472,4512
159,3369984,8608
1719,3378592,15360
999,3393952,5184
1647,3399136,9728
282,3408864,12864
1970,3421728,8832
99,3430560,9632
1387,3440192,5856
663,3446048,15168
1737,3461216,8000
1359,3469216,6336
1101,3475552,5536
1883,3481088,9088
541,3490176,6272
698,3496448,7712
1285,3504160,10656
232,3514816,9952
70,3524768,10688
766,3535456,8608
127,3544064,13184
1585,3557248,6848
1490,3564096,7488
1961,3571584,14688
912,3586272,3424
684,3589696,6016
1774,3595712,5856
486,3601568,5568
1396,3607136,5600
1629,3612736,6656
1529,3619392,6272
405,3625664,11616
1141,3637280,5824
973,3643104,6720
56,3649824,10016
1786,3659840,5184
379,3665024,13184
519,3678208,7072
1753,3685280,13600
72,3698880,9664
550,3708544,9312
1303,3717856,7232
1218,3725088,18976
397,3744064,7904
1725,3751968,7104
1933,3759072,11328
185,3770400,11104
955,3781504,5888
1012,3787392,6144
1623,3793536,7104
417,3800640,12768
336,3813408,6816
104,3820224,9824
1322,3830048,7424
1732,3837472,5472
1828,3842944,11360
1843,3854304,6112
720,3860416,19744
48,3880160,5184
676,3885344,15776
457,3901120,7904
1515,3909024,5792
587,3914816,5344
759,3920160,5760
47,3925920,12896
1008,3938816,9248
1474,3948064,5888
1507,3953952,7840
1768,3961792,5216
816,3967008,7488
1669,3974496,10016
1088,3984512,6240
933,3990752,7072
1796,3997824,14848
930,4012672,10400
46,4023072,13952
257,4037024,7872
1572,4044896,5280
1551,4050176,8544
1398,4058720,7424
1304,4066144,7328
1868,4073472,7200
1837,4080672,12352
1078,4093024,3904
1878,4096928,10208
1905,4107136,11040
1982,4118176,13536
1290,4131712,8992
36,4140704,17824
16,4158528,6880
1313,4165408,7264
1785,4172672,9920
1143,4182592,14176
1215,4196768,5952
1435,4202720,6720
1111,4209440,7296
298,4216736,9312
374,4226048,11712
1627,4237760,4608
422,4242368,8832
192,4251200,8576
335,4259776,6944
1980,4266720,19712
629,4286432,4352
769,4290784,5728
1454,4296512,6240
1368,4302752,5248
1755,4308000,5920
1302,4313920,6656
1384,4320576,6208
1116,4326784,4640
686,4331424,3072
924,4334496,5856
1958,4340352,9856
1130,4350208,6496
517,4356704,7968
1492,4364672,10528
1308,4375200,7456
419,4382656,11776
808,4394432,5376
1536,4399808,6144
1148,4405952,13536
803,4419488,6144
1351,4425632,7392
1676,4433024,9920
1227,4442944,6752
1952,4449696,14400
1540,4464096,4928
1258,4469024,7072
644,4476096,15872
97,4491968,10656
582,4502624,11712
272,4514336,9632
1706,4523968,10816
588,4534784,7840
992,4542624,5952
560,4548576,7648
1175,4556224,3200
860,4559424,5984
563,4565408,8096
1238,4573504,6816
1362,4580320,5504
963,4585824,2976
1557,4588800,9760
1516,4598560,6400
447,4604960,8256
1206,4613216,6304
1582,4619520,5984
110,4625504,9984
647,4635488,6272
1196,4641760,14368
1132,4656128,8928
1602,4665056,17152
1992,4682208,17504
181,4699712,8768
637,4708480,6048
501,4714528,21472
1039,4736000,10368
1202,4746368,6112
499,4752480,24224
919,4776704,7488
969,4784192,9728
1301,4793920,6016
657,4799936,15104
1655,4815040,6208
1806,4821248,6144
1893,4827392,4544
1475,4831936,6144
622,4838080,7648
1841,4845728,7872
439,4853600,6720
479,4860320,7232
1859,4867552,9472
986,4877024,8096
682,4885120,6912
842,4892032,6016
60,4898048,8896
1709,4906944,6624
1865,4913568,8000
247,4921568,8928
458,4930496,10624
1242,4941120,5664
1780,4946784,7488
1609,4954272,8256
711,4962528,6304
1015,4968832,6624
1596,4975456,11616
1615,4987072,6656
349,4993728,11776
306,5005504,9504
411,5015008,9760
1018,5024768,5152
1949,5029920,10112
1539,5040032,15968
1502,5056000,8032
1522,5064032,8512
640,5072544,7840
500,5080384,8512
482,5088896,5984
1827,5094880,13664
93,5108544,10720
1657,5119264,14912
980,5134176,7200
706,5141376,5920
866,5147296,8192
1114,5155488,8160
23,5163648,2912
846,5166560,5184
155,5171744,10112
1176,5181856,9504
832,5191360,4352
1817,5195712,7456
1866,5203168,7360
265,5210528,7200
1432,5217728,3296
239,5221024,7552
312,5228576,6816
1353,5235392,6880
828,5242272,5184
1411,5247456,6720
164,5254176,10784
19,5264960,19328
1620,5284288,6016
326,5290304,9056
1577,5299360,10560
1364,5309920,8224
1134,5318144,4544
131,5322688,9312
719,5332000,11072
736,5343072,8448
366,5351520,11712
1614,5363232,10304
754,5373536,6688
1162,5380224,6464
1864,5386688,8352
310,5395040,9600
489,5404640,8224
1743,5412864,4704
1550,5417568,5696
78,5423264,18848
31,5442112,5728
1874,5447840,5664
1354,5453504,9344
61,5462848,7488
643,5470336,7840
1612,5478176,8416
437,5486592,8288
705,5494880,6080
586,5500960,6176
944,5507136,7648
141,5514784,6784
914,5521568,5728
508,5527296,7008
891,5534304,8416
423,5542720,9728
1365,5552448,5312
413,5557760,9600
1733,5567360,9376
764,5576736,5280
830,5582016,17216
362,5599232,7488
1169,5606720,5440
535,5612160,7680
1043,5619840,6144
1560,5625984,8800
1599,5634784,5280
1456,5640064,7072
496,5647136,8512
1586,5655648,6752
1168,5662400,8544
74,5670944,5856
1823,5676800,8384
31,5685184,4320
1269,5689504,10080
639,5699584,8832
1758,5708416,8000
313,5716416,9536
1597,5725952,6496
1760,5732448,7040
29,5739488,9792
661,5749280,23968
685,5773248,7616
1752,5780864,6688
270,5787552,153376
59,5940928,4736
575,5945664,8704
858,5954368,6112
589,5960480,8192
1891,5968672,3616
821,5972288,5696
217,5977984,12544
101,5990528,11904
1046,6002432,7200
1635,6009632,9760
323,6019392,8224
328,6027616,6848
14,6034464,51456
1373,6085920,7232
674,6093152,8160
276,6101312,6912
1158,6108224,5472
1109,6113696,5536
875,6119232,5216
220,6124448,11584
794,6136032,4992
1412,6141024,10272
1666,6151296,6688
884,6157984,5632
1136,6163616,5600
35,6169216,6272
441,6175488,5280
446,6180768,7584
3,6188352,8800
132,6197152,9280
1833,6206432,9952
1667,6216384,9824
1405,6226208,8128
934,6234336,5248
428,6239584,6048
82,6245632,17280
1764,6262912,9920
206,6272832,17728
1102,6290560,18528
1437,6309088,10720
1634,6319808,6688
1888,6326496,5120
471,6331616,6304
567,6337920,3776
231,6341696,8960
1911,6350656,4416
52,6355072,14592
1484,6369664,8960
979,6378624,8800
1579,6387424,6080
434,6393504,8416
1870,6401920,3360
107,6405280,10624
1921,6415904,14432
1645,6430336,7296
406,6437632,9600
380,6447232,10944
693,6458176,7136
1083,6465312,10240
1349,6475552,8448
877,6484000,5568
1969,6489568,7424
268,6496992,6848
895,6503840,7328
1587,6511168,5664
1617,6516832,6848
634,6523680,16544
1877,6540224,4000
1767,6544224,16608
1336,6560832,6720
1338,6567552,6848
1031,6574400,16704
383,6591104,9888
680,6600992,7968
1561,6608960,6432
1931,6615392,11584
800,6626976,6304
251,6633280,13152
271,6646432,10688
421,6657120,9504
1045,6666624,4576
1722,6671200,6944
1316,6678144,6368
1339,6684512,10400
1272,6694912,13184
1372,6708096,1824
1340,6709920,6048
1056,6715968,6464
1117,6722432,6368
724,6728800,6240
1762,6735040,9248
1588,6744288,6368
358,6750656,11040
899,6761696,6208
920,6767904,9504
798,6777408,7424
468,6784832,7712
226,6792544,8288
1006,6800832,7840
1391,6808672,7008
156,6815680,9280
1297,6824960,20288
6,6845248,10304
263,6855552,14016
1951,6869568,8384
96,6877952,12448
1552,6890400,5504
1060,6895904,4640
1815,6900544,7200
394,6907744,22304
1331,6930048,5952
1203,6936000,4800
1232,6940800,8224
1028,6949024,8032
33,6957056,5984
1270,6963040,4864
987,6967904,8096
1282,6976000,8832
694,6984832,7328
1628,6992160,5792
716,6997952,6048
1217,7004000,9440
1406,7013440,8768
456,7022208,7072
433,7029280,5568
88,7034848,9664
26,7044512,9216
148,7053728,7008
1239,7060736,6336
348,7067072,10752
1616,7077824,16032
1875,7093856,10624
284,7104480,9024
1940,7113504,11904
18,7125408,21280
1759,7146688,6400
878,7153088,5952
1386,7159040,5728
1708,7164768,6720
1428,7171488,6688
1528,7178176,5696
1150,7183872,6624
459,7190496,6912
623,7197408,7232
55,7204640,8768
1,7213408,66528
1144,7279936,6144
281,7286080,11264
1355,7297344,4672
1853,7302016,7008
1418,7309024,6336
186,7315360,13792
708,7329152,8896
907,7338048,2272
793,7340320,7840
1478,7348160,8160
1274,7356320,10208
596,7366528,7872
1350,7374400,7264
244,7381664,11040
656,7392704,8640
22,7401344,8160
1234,7409504,6624
1895,7416128,5216
1659,7421344,7424
993,7428768,5472
332,7434240,7136
824,7441376,6432
1283,7447808,8128
702,7455936,6176
190,7462112,8832
80,7470944,16672
81,7487616,22400
602,7510016,6048
1686,7516064,8576
1497,7524640,3328
462,7527968,5856
1862,7533824,10656
1633,7544480,6016
1858,7550496,6720
51,7557216,5856
1509,7563072,5408
15,7568480,13536
1230,7582016,8928
1358,7590944,8736
1451,7599680,6432
291,7606112,9632
466,7615744,5440
1571,7621184,6592
1926,7627776,8928
1126,7636704,7968
1871,7644672,9152
2003,7653824,12864
83,7666688,6272
235,7672960,7648
200,7680608,12928
382,7693536,8672
1770,7702208,7744
1589,7709952,6944
223,7716896,8320
1525,7725216,8384
730,7733600,7936
1084,7741536,5984
713,7747520,6272
927,7753792,7040
1825,7760832,14176
1912,7775008,5984
134,7780992,7136
102,7788128,11552
2005,7799680,14016
1739,7813696,6528
1729,7820224,6304
1590,7826528,7136
1267,7833664,10016
1917,7843680,12320
481,7856000,7680
1984,7863680,20896
1161,7884576,8992
410,7893568,12256
1135,7905824,4448
1904,7910272,6048
533,7916320,14176
1310,7930496,6016
53,7936512,17312
431,7953824,7168
1763,7960992,4800
882,7965792,4384
940,7970176,14016
288,7984192,27232
1746,8011424,16288
1183,8027712,3904
605,8031616,16032
360,8047648,8896
546,8056544,12096
1020,8068640,6624
1795,8075264,12928
364,8088192,7360
1824,8095552,12320
1638,8107872,7168
1077,8115040,7072
1820,8122112,8608
526,8130720,6976
1311,8137696,9984
962,8147680,6272
1487,8153952,5216
513,8159168,7456
1422,8166624,15968
857,8182592,3104
772,8185696,5248
1173,8190944,5504
50,8196448,10272
1261,8206720,10400
1237,8217120,10016
1434,8227136,5376
666,8232512,9376
377,8241888,9280
578,8251168,14848
1275,8266016,9696
1608,8275712,8512
1664,8284224,6720
75,8290944,6912
85,8297856,7584
455,8305440,6944
1324,8312384,6944
691,8319328,5248
1115,8324576,6240
965,8330816,5504
988,8336320,6560
1598,8342880,9056
1075,8351936,6912
1489,8358848,9664
1662,8368512,6112
208,8374624,12320
1199,8386944,5152
976,8392096,8288
1654,8400384,6656
8,8407040,14720
2001,8421760,26144
1838,8447904,9184
52,8457088,11936
1570,8469024,13120
818,8482144,7904
1851,8490048,7744
835,8497792,5152
624,8502944,10304
49,8513248,5792
1393,8519040,5632
492,8524672,7104
583,8531776,7680
689,8539456,5888
1971,8545344,19072
1902,8564416,7264
1089,8571680,3872
32,8575552,8512
1137,8584064,6560
1371,8590624,6496
1979,8597120,15008
1800,8612128,30240
1946,8642368,17664
1803,8660032,11744
1876,8671776,9024
1074,8680800,6688
1440,8687488,8032
1472,8695520,9408
216,8704928,12544
792,8717472,17568
1793,8735040,9664
1356,8744704,6784
1245,8751488,8416
671,8759904,6432
1595,8766336,6240
867,8772576,7648
1942,8780224,12928
997,8793152,5184
957,8798336,5344
1452,8803680,5408
1461,8809088,9216
1044,8818304,5696
213,8824000,9632
848,8833632,6624
1889,8840256,8640
1142,8848896,13344
1929,8862240,12896
365,8875136,181728
1805,9056864,7392
1776,9064256,5600
36,9069856,11904
776,9081760,7584
1160,9089344,5280
451,9094624,8512
1897,9103136,8512
490,9111648,8320
1048,9119968,6592
461,9126560,8576
768,9135136,14432
1166,9149568,10656
34,9160224,7360
1082,9167584,18560
1127,9186144,7392
1788,9193536,5632
731,9199168,6272
1104,9205440,7424
355,9212864,9056
1007,9221920,6400
1058,9228320,10656
322,9238976,11232
1928,9250208,9920
744,9260128,6816
1049,9266944,5760
1700,9272704,8704
1901,9281408,8000
631,9289408,5888
464,9295296,5728
1726,9301024,4288
1293,9305312,6656
412,9311968,11744
1337,9323712,7584
15,9331296,22432
1630,9353728,9088
681,9362816,6336
1198,9369152,6432
967,9375584,8256
1689,9383840,11168
416,9395008,8768
1698,9403776,8608
1201,9412384,7776
1335,9420160,10592
117,9430752,11360
39,9442112,5664
1062,9447776,11136
1606,9458912,8640
112,9467552,6976
1682,9474528,9280
806,9483808,6304
401,9490112,9504
1447,9499616,7808
908,9507424,5984
1019,9513408,6240
254,9519648,9376
669,9529024,8736
728,9537760,4416
1247,9542176,11520
1325,9553696,7456
13,9561152,17408
732,9578560,6560
1268,9585120,6912
620,9592032,9376
1314,9601408,8160
950,9609568,7392
1680,9616960,7168
375,9624128,20224
1772,9644352,16896
1092,9661248,6976
1430,9668224,2784
429,9671008,12960
1707,9683968,6496
1298,9690464,8736
549,9699200,6368
1574,9705568,5920
420,9711488,8736
1429,9720224,8608
1167,9728832,4384
114,9733216,10336
1068,9743552,7360
1106,9750912,6496
892,9757408,4448
1194,9761856,13056
440,9774912,6176
95,9781088,9280
864,9790368,10400
1174,9800768,6912
1549,9807680,10624
402,9818304,9696
1299,9828000,3072
163,9831072,9152
135,9840224,8800
395,9849024,7744
321,9856768,7840
1265,9864608,3104
161,9867712,9216
738,9876928,7264
747,9884192,6080
295,9890272,8192
974,9898464,10656
1421,9909120,5376
820,9914496,7552
678,9922048,16160
473,9938208,9408
748,9947616,10944
376,9958560,12192
1959,9970752,13248
938,9984000,7040
427,9991040,8064
531,9999104,7648
1213,10006752,7584
162,10014336,8064
1769,10022400,5696
749,10028096,10944
258,10039040,8448
1444,10047488,7552
1742,10055040,6400
1816,10061440,8736
1410,10070176,6848
147,10077024,11264
1095,10088288,6272
910,10094560,22432
80,10116992,23008
1924,10140000,33568
1674,10173568,6208
604,10179776,6304
37,10186080,14048
1352,10200128,8864
342,10208992,9600
1840,10218592,8576
859,10227168,6208
1842,10233376,6400
301,10239776,12480
1856,10252256,6112
1253,10258368,6688
901,10265056,17888
626,10282944,19904
762,10302848,4128
1976,10306976,13792
765,10320768,4832
1684,10325600,8704
1731,10334304,7680
194,10341984,9024
1332,10351008,7008
1735,10358016,8448
1467,10366464,7072
1500,10373536,6784
746,10380320,9312
1855,10389632,6496
925,10396128,6528
1621,10402656,13440
1105,10416096,4096
177,10420192,7968
607,10428160,16448
318,10444608,8224
1789,10452832,6720
76,10459552,16896
1975,10476448,15424
1501,10491872,7776
655,10499648,6912
1670,10506560,5760
1641,10512320,5856
1145,10518176,6400
609,10524576,5920
1660,10530496,7424
143,10537920,7744
144,10545664,7936
597,10553600,20832
1909,10574432,8160
1564,10582592,6560
79,10589152,20000
106,10609152,8256
1584,10617408,5568
86,10622976,7136
1415,10630112,12672
98,10642784,10464
833,10653248,5408
170,10658656,10240
1146,10668896,16608
24,10685504,11808
1197,10697312,14944
551,10712256,25312
1073,10737568,7840
552,10745408,11488
1327,10756896,5536
923,10762432,7744
707,10770176,7296
512,10777472,20160
788,10797632,6208
38,10803840,11968
695,10815808,7200
158,10823008,9888
1138,10832896,6720
123,10839616,14176
701,10853792,6944
1989,10860736,16864
5,10877600,69920
889,10947520,5728
32,10953248,8416
734,10961664,7552
369,10969216,19296
1471,10988512,7104
871,10995616,3456
1294,10999072,9632
1494,11008704,4064
1147,11012768,4416
1567,11017184,6752
1004,11023936,10144
387,11034080,12064
1094,11046144,4864
518,11051008,7328
197,11058336,8480
1857,11066816,10144
1775,11076960,6592
1673,11083552,5664
1001,11089216,5152
56,11094368,11840
1688,11106208,6080
39,11112288,10048
1210,11122336,7264
1701,11129600,10144
292,11139744,8864
1061,11148608,3776
1420,11152384,9632
222,11162016,15360
1118,11177376,6560
1407,11183936,3904
154,11187840,9216
717,11197056,19616
646,11216672,8992
841,11225664,5312
941,11230976,7968
109,11238944,7776
103,11246720,13856
325,11260576,6688
1473,11267264,5984
1464,11273248,9888
1457,11283136,12992
269,11296128,9536
452,11305664,8288
1024,11313952,7712
1642,11321664,5696
1436,11327360,6368
904,11333728,5504
1344,11339232,5312
1512,11344544,5536
1260,11350080,7200
249,11357280,11680
478,11368960,7392
304,11376352,10752
1972,11387104,19648
81,11406752,4800
1744,11411552,7840
692,11419392,6016
630,11425408,4608
240,11430016,9536
942,11439552,7296
778,11446848,6592
579,11453440,6784
1409,11460224,3552
591,11463776,4992
1845,11468768,8288
1072,11477056,6944
1867,11484000,5600
1448,11489600,5408
1404,11495008,6880
385,11501888,9920
1426,11511808,9568
82,11521376,7776
831,11529152,7104
1555,11536256,7328
1002,11543584,6880
1919,11550464,16032
503,11566496,8032
1225,11574528,5664
1342,11580192,9120
485,11589312,10688
128,11600000,17632
1288,11617632,5408
1329,11623040,7840
825,11630880,7424
2004,11638304,14368
1943,11652672,10368
414,11663040,8896
219,11671936,14752
1030,11686688,5888
1978,11692576,15168
1702,11707744,6528
61,11714272,14304
1317,11728576,8864
756,11737440,5376
19,11742816,21440
1254,11764256,7392
1920,11771648,17856
1212,11789504,15072
151,11804576,9568
1240,11814144,8896
472,11823040,8224
761,11831264,3776
862,11835040,5760
633,11840800,5728
1241,11846528,6208
1668,11852736,6272
1125,11859008,5504
658,11864512,5600
953,11870112,7040
715,11877152,7456
1480,11884608,7232
1514,11891840,9760
1128,11901600,6752
242,11908352,9216
1831,11917568,19680
710,11937248,4224
1546,11941472,9280
1343,11950752,7680
1124,11958432,5984
599,11964416,5920
520,11970336,7360
1,11977696,4352
1601,11982048,7264
1129,11989312,6336
874,11995648,5504
1179,12001152,5440
527,12006592,14144
1017,12020736,5920
1983,12026656,18144
1370,12044800,5152
1037,12049952,5344
317,12055296,9152
822,12064448,8480
1377,12072928,6784
939,12079712,6720
594,12086432,5440
543,12091872,8224
1705,12100096,8096
341,12108192,9280
1273,12117472,5568
1121,12123040,9120
175,12132160,9568
642,12141728,7776
1449,12149504,7168
407,12156672,8800
1784,12165472,13056
454,12178528,7744
424,12186272,13088
879,12199360,4960
1120,12204320,4704
22,12209024,9856
1548,12218880,9312
23,12228192,8416
1466,12236608,5760
25,12242368,8096
139,12250464,6848
305,12257312,8864
319,12266176,9440
511,12275616,7008
20,12282624,24928
509,12307552,9344
1964,12316896,9120
1251,12326016,13984
62,12340000,7264
353,12347264,10240
1995,12357504,22240
739,12379744,7680
898,12387424,6976
121,12394400,10848
937,12405248,6208
187,12411456,9504
725,12420960,6400
1804,12427360,19072
1860,12446432,9440
537,12455872,22240
430,12478112,7680
145,12485792,10944
66,12496736,9472
753,12506208,4288
54,12510496,8992
893,12519488,7904
1022,12527392,6432
1483,12533824,6592
815,12540416,6368
1080,12546784,5056
505,12551840,7744
178,12559584,19456
888,12579040,6368
1973,12585408,18336
77,12603744,10368
1347,12614112,6080
196,12620192,9440
1624,12629632,6432
1533,12636064,7488
1191,12643552,9952
900,12653504,6016
1479,12659520,6304
136,12665824,10624
1025,12676448,4128
8,12680576,16000
1948,12696576,12480
1187,12709056,6208
812,12715264,5344
654,12720608,6880
844,12727488,7872
928,12735360,3296
1936,12738656,12608
1914,12751264,17248
426,12768512,9760
207,12778272,16352
1034,12794624,7136
1915,12801760,14496
442,12816256,8672
1738,12824928,5600
1974,12830528,16800
673,12847328,7168
115,12854496,10336
152,12864832,12704
352,12877536,8032
911,12885568,5344
547,12890912,8000
1443,12898912,5856
981,12904768,5984
357,12910752,20928
10,12931680,7648
921,12939328,6368
1531,12945696,6240
368,12951936,10528
813,12962464,5280
1963,12967744,7104
1730,12974848,9952
977,12984800,7008
1090,12991808,7872
652,12999680,6944
1491,13006624,3680
727,13010304,7552
525,13017856,6016
916,13023872,6752
125,13030624,11136
1341,13041760,6368
280,13048128,9920
26,13058048,6976
371,13065024,12032
1383,13077056,3264
1819,13080320,8480
556,13088800,9120
1438,13097920,11296
1848,13109216,14016
55,13123232,5152
1994,13128384,17696
922,13146080,6784
1954,13152864,9792
964,13162656,4192
1499,13166848,7136
1469,13173984,7648
130,13181632,10176
672,13191808,6240
712,13198048,5440
1390,13203488,7296
256,13210784,11584
614,13222368,7520
540,13229888,7296
174,13237184,9696
863,13246880,6560
1014,13253440,9792
763,13263232,10176
1374,13273408,4288
721,13277696,9088
1381,13286784,9312
1765,13296096,5888
1863,13301984,7840
696,13309824,8096
1155,13317920,5472
1399,13323392,8384
92,13331776,6848
544,13338624,7168
225,13345792,8448
773,13354240,5408
287,13359648,11968
1798,13371616,9440
1563,13381056,6016
1284,13387072,6944
786,13394016,6496
636,13400512,18560
951,13419072,6784
1320,13425856,8832
1562,13434688,4992
432,13439680,7008
409,13446688,10144
1243,13456832,4576
221,13461408,14272
1326,13475680,2720
1511,13478400,4992
1632,13483392,5952
1678,13489344,11744
1091,13501088,5632
57,13506720,15200
1681,13521920,6848
811,13528768,17376
598,13546144,18048
1822,13564192,12960
28,13577152,8928
743,13586080,9984
1794,13596064,12352
266,13608416,8672
1890,13617088,6368
929,13623456,3680
972,13627136,9856
1486,13636992,10528
396,13647520,18592
1993,13666112,17888
1771,13684000,7200
330,13691200,7680
847,13698880,5696
538,13704576,6880
635,13711456,9920
1099,13721376,7552
199,13728928,10272
1547,13739200,5888
558,13745088,6560
495,13751648,11328
645,13762976,7232
1287,13770208,2272
1916,13772480,19488
989,13791968,7232
1947,13799200,9600
337,13808800,10176
1526,13818976,9280
1131,13828256,4480
327,13832736,7840
1998,13840576,18816
1639,13859392,5952
1821,13865344,24352
504,13889696,7488
356,13897184,13056
30,13910240,8160
1704,13918400,5856
834,13924256,4608
100,13928864,7808
758,13936672,7872
11,13944544,6592
1246,13951136,9344
35,13960480,8608
367,13969088,24256
1065,13993344,6240
331,13999584,7968
1505,14007552,6464
63,14014016,6912
1751,14020928,6784
408,14027712,8736
1152,14036448,6208
1957,14042656,11200
1811,14053856,12000
1766,14065856,4352
984,14070208,9344
1216,14079552,9600
1151,14089152,6112
887,14095264,6592
530,14101856,5760
1683,14107616,4832
1886,14112448,8832
1071,14121280,9280
625,14130560,8960
1791,14139520,5632
745,14145152,7328
384,14152480,4896
1209,14157376,6304
1439,14163680,10368
1433,14174048,7904
722,14181952,9984
339,14191936,9472
502,14201408,17088
1459,14218496,6144
203,14224640,15072
29,14239712,5248
1790,14244960,17280
474,14262240,11104
1665,14273344,6720
78,14280064,8416
1096,14288480,9184
307,14297664,9824
1178,14307488,6016
751,14313504,7968
1036,14321472,6880
915,14328352,6720
1797,14335072,7168
1348,14342240,7552
653,14349792,6016
1221,14355808,5440
1419,14361248,5312
975,14366560,8288
952,14374848,4608
171,14379456,8448
855,14387904,4384
46,14392288,9440
791,14401728,7904
595,14409632,6080
648,14415712,9696
1229,14425408,8288
184,14433696,8608
68,14442304,20416
1296,14462720,4672
628,14467392,14784
1425,14482176,6528
903,14488704,5312
873,14494016,6880
1100,14500896,6976
1363,14507872,9696
1960,14517568,11712
1224,14529280,6560
1177,14535840,3264
378,14539104,9248
47,14548352,4224
1309,14552576,5952
418,14558528,8352
1423,14566880,6848
795,14573728,12864
1545,14586592,7456
568,14594048,6976
1333,14601024,16800
660,14617824,7040
230,14624864,11168
65,14636032,9536
1257,14645568,12160
718,14657728,9120
140,14666848,7040
632,14673888,5536
259,14679424,8640
293,14688064,9152
1937,14697216,10176
1064,14707392,6272
966,14713664,7008
1761,14720672,6208
983,14726880,10304
1256,14737184,6048
1593,14743232,16800
1600,14760032,8352
1836,14768384,6880
389,14775264,9216
1357,14784480,7456
1321,14791936,5920
1276,14797856,6368
40,14804224,11776
189,14816000,9280
1956,14825280,10784
1625,14836064,9856
373,14845920,12576
1566,14858496,9184
255,14867680,10400
1932,14878080,9600
1394,14887680,6656
1711,14894336,6208
615,14900544,8192
1787,14908736,4768
40,14913504,11616
611,14925120,8000
1005,14933120,6208
1922,14939328,14304
1717,14953632,7872
64,14961504,7072
283,14968576,10304
529,14978880,7264
1255,14986144,5856
1249,14992000,7648
1402,14999648,6208
1520,15005856,8000
1455,15013856,6048
450,15019904,4672
1611,15024576,8000
1581,15032576,5792
1987,15038368,16960
1741,15055328,7424
612,15062752,7680
1053,15070432,6048
896,15076480,6368
1575,15082848,8992
515,15091840,8896
315,15100736,11712
1450,15112448,6912
42,15119360,9216
1504,15128576,10528
176,15139104,6976
1880,15146080,12288
675,15158368,8224
1541,15166592,8928
1388,15175520,11552
296,15187072,11168
1553,15198240,6592
572,15204832,9344
573,15214176,8640
1594,15222816,16768
1477,15239584,9088
76,15248672,7328
7,15256000,43552
838,15299552,7104
58,15306656,8544
25,15315200,4192
169,15319392,8704
1643,15328096,9728
935,15337824,5728
1185,15343552,6240
1330,15349792,6592
27,15356384,11552
1385,15367936,6400
621,15374336,21888
733,15396224,8192
153,15404416,11008
894,15415424,6752
1892,15422176,9856
1085,15432032,5824
350,15437856,11040
470,15448896,4992
1098,15453888,19968
1395,15473856,8352
767,15482208,6592
1653,15488800,8512
608,15497312,5888
670,15503200,15872
1488,15519072,7968
345,15527040,10144
752,15537184,8352
1703,15545536,6560
1286,15552096,6816
309,15558912,10976
1465,15569888,10720
173,15580608,9408
167,15590016,8224
1021,15598240,7776
238,15606016,8544
1723,15614560,5920
883,15620480,5568
1417,15626048,7168
182,15633216,8512
1495,15641728,5376
585,15647104,7168
436,15654272,6208
2,15660480,80608
796,15741088,8160
27,15749248,4896
1157,15754144,23424
1559,15777568,6400
53,15783968,6656
1651,15790624,8352
1658,15798976,19040
1013,15818016,8512
393,15826528,10144
1103,15836672,5984
21,15842656,6560
982,15849216,8224
506,15857440,7232
1208,15864672,7200
124,15871872,11136
1869,15883008,12000
1749,15895008,2560
299,15897568,10528
262,15908096,10880
1734,15918976,9280
1778,15928256,7136
119,15935392,17376
1854,15952768,6912
945,15959680,6272
9,15965952,9408
361,15975360,5792
1003,15981152,6688
1569,15987840,7840
1721,15995680,22912
116,16018592,9952
1985,16028544,19424
63,16047968,14240
1250,16062208,7296
1214,16069504,5952
359,16075456,7968
991,16083424,10400
1315,16093824,10432
1000,16104256,7296
1619,16111552,7008
1938,16118560,12288
1496,16130848,7872
1400,16138720,9120
17,16147840,7104
3,16154944,78880
108,16233824,9312
1656,16243136,7520
38,16250656,11808
534,16262464,6496
561,16268960,8960
44,16277920,16128
827,16294048,5888
592,16299936,5088
569,16305024,5408
1773,16310432,5856
1631,16316288,6688
286,16322976,9728
381,16332704,11360
581,16344064,4768
1699,16348832,7744
709,16356576,13888
779,16370464,7008
667,16377472,6336
17,16383808,21728
522,16405536,5760
1578,16411296,4896
1172,16416192,6752
995,16422944,11104
740,16434048,7680
71,16441728,8448
157,16450176,9216
1925,16459392,17632
1493,16477024,6336
1382,16483360,10240
1223,16493600,6624
1159,16500224,18976
60,16519200,10720
755,16529920,3840
1278,16533760,7872
775,16541632,5984
228,16547616,7680
13,16555296,8608
1745,16563904,5184
823,16569088,27712
1291,16596800,11328
757,16608128,5888
237,16614016,7264
590,16621280,8000
1460,16629280,4448
610,16633728,5888
1818,16639616,6432
1885,16646048,7904
1847,16653952,12512
1424,16666464,8192
1592,16674656,10656
403,16685312,9024
601,16694336,6272
1535,16700608,3840
28,16704448,7136
840,16711584,2048
460,16713632,7744
1696,16721376,9248
1211,16730624,6656
5,16737280,5376
1953,16742656,15296
1523,16757952,4608
443,16762560,6976
1754,16769536,10848
1156,16780384,5792
347,16786176,9824
1538,16796000,5376
1063,16801376,5664
869,16807040,5600
865,16812640,13952
1966,16826592,7008
477,16833600,7520
1663,16841120,6208
1207,16847328,10144
770,16857472,6432
1513,16863904,5568
1997,16869472,12896
699,16882368,8928
1010,16891296,6880
723,16898176,9440
1537,16907616,5056
205,16912672,14304
801,16926976,7584
122,16934560,22848
1188,16957408,7584
1846,16964992,8992
1389,16973984,5824
285,16979808,11648
204,16991456,13888
1086,17005344,12800
1697,17018144,11072
1271,17029216,5760
1051,17034976,6016
1123,17040992,5056
936,17046048,5600
202,17051648,11776
77,17063424,20480
580,17083904,5824
932,17089728,5504
1809,17095232,7456
453,17102688,7072
1498,17109760,7808
463,17117568,6144
1677,17123712,11648
227,17135360,8128
370,17143488,14592
703,17158080,5984
1792,17164064,5632
1955,17169696,7872
12,17177568,12064
1687,17189632,6336
1139,17195968,7744
42,17203712,10624
726,17214336,9248
494,17223584,8480
274,17232064,8224
1783,17240288,6560
1067,17246848,7872
67,17254720,10240
1345,17264960,16544
861,17281504,8800
1524,17290304,8000
1695,17298304,5024
856,17303328,7456
1378,17310784,12672
507,17323456,16288
890,17339744,6240
1873,17345984,6848
514,17352832,13824
1470,17366656,6656
252,17373312,10784
43,17384096,5984
1306,17390080,8928
790,17399008,8288
191,17407296,12064
1996,17419360,14336
760,17433696,4640
1967,17438336,9312
542,17447648,16288
843,17463936,6432
1052,17470368,5344
33,17475712,13728
603,17489440,6464
1413,17495904,8544
593,17504448,16800
881,17521248,7264
79,17528512,6976
1720,17535488,18208
129,17553696,13632
714,17567328,8384
214,17575712,8800
926,17584512,6880
41,17591392,9376
650,17600768,6816
1850,17607584,17920
1468,17625504,3584
1692,17629088,10016
1610,17639104,8192
524,17647296,7904
1990,17655200,18080
1977,17673280,21312
275,17694592,7360
388,17701952,11808
1070,17713760,9632
195,17723392,8928
949,17732320,6912
1029,17739232,5984
1040,17745216,10368
1190,17755584,6016
391,17761600,9408
697,17771008,7136
30,17778144,10688
179,17788832,7584
1558,17796416,18112
84,17814528,9440
946,17823968,5952
24,17829920,12224
905,17842144,5376
87,17847520,8192
1192,17855712,5504
297,17861216,10560
1119,17871776,4576
1962,17876352,8704
1965,17885056,9184
1334,17894240,9088
1510,17903328,9088
970,17912416,5920
1248,17918336,8224
89,17926560,10656
617,17937216,5696
198,17942912,10272
600,17953184,4736
300,17957920,9792
2000,17967712,13728
1591,17981440,3008
1519,17984448,6912
438,17991360,6816
120,17998176,11424
1532,18009600,3904
1930,18013504,10848
1671,18024352,5120
704,18029472,5408
1923,18034880,15136
1534,18050016,6208
90,18056224,10944
1999,18067168,16608
839,18083776,7904
532,18091680,5664
1032,18097344,5152
1482,18102496,5184
959,18107680,6208
1944,18113888,25152
1506,18139040,17472
783,18156512,7264
218,18163776,10912
118,18174688,14240
1097,18188928,6432
619,18195360,6848
799,18202208,4832
1307,18207040,19232
210,18226272,10432
211,18236704,10432
826,18247136,9056
1679,18256192,5504
1881,18261696,5888
1033,18267584,6272
138,18273856,11040
565,18284896,5504
1782,18290400,6528
700,18296928,8032
1872,18304960,4384
1281,18309344,10624
264,18319968,10720
1055,18330688,7904
333,18338592,6752
294,18345344,9536
9,18354880,9248
1107,18364128,5824
1648,18369952,7264
1263,18377216,10368
1898,18387584,6432
4,18394016,7072
555,18401088,12032
577,18413120,25056
398,18438176,15968
1580,18454144,5504
1171,18459648,5312
1054,18464960,6336
1165,18471296,9568
797,18480864,7776
1986,18488640,21568
1453,18510208,6368
996,18516576,7712
956,18524288,4512
334,18528800,5472
1375,18534272,8864
968,18543136,8992
616,18552128,8576
51,18560704,9280
510,18569984,6336
1896,18576320,6848
1740,18583168,7136
1714,18590304,7264
690,18597568,5440
562,18603008,7296
571,18610304,7392
290,18617696,10304
166,18628000,29216
638,18657216,7520
1636,18664736,7968
1556,18672704,7840
399,18680544,12864
346,18693408,9952
978,18703360,6944
1244,18710304,5984
913,18716288,4864
618,18721152,4576
1458,18725728,7456
142,18733184,9472
392,18742656,8544
1712,18751200,20640
1554,18771840,9088
1397,18780928,6016
1133,18786944,5568
111,18792512,6752
1826,18799264,11104
947,18810368,5600
1644,18815968,9280
4,18825248,84992
188,18910240,10272
316,18920512,12192
168,18932704,9280
435,18941984,5856
1279,18947840,8992
870,18956832,6176
212,18963008,10144
493,18973152,11392
651,18984544,11552
289,18996096,9472
69,19005568,13184
1605,19018752,16096
1463,19034848,7584
1193,19042432,13536
829,19055968,5248
62,19061216,11200
1259,19072416,8256
677,19080672,8192
1110,19088864,5056
943,19093920,8128
1646,19102048,6592
785,19108640,6080
1122,19114720,7776
1661,19122496,9888
852,19132384,5664
807,19138048,8128
1280,19146176,6272
1149,19152448,4384
1713,19156832,8640
971,19165472,7616
1441,19173088,6016
1231,19179104,23168
215,19202272,10464
777,19212736,7488
1906,19220224,6880
814,19227104,5984
885,19233088,6112
850,19239200,5824
